250577
248787
223735
60092
250363
261251
227083
229876
227409
220318
224791
225643
272578
231382
243883
235279
231095
267193
242818
69162
271384
224218
239197
267602
272514
233398
232131
223565
238891
309318
227391
231868
64578
242830
299540
230976
288885
248020
278494
282064
238551
228832
231951
223094
227049
238222
265917
32274
267939
283525
233105
220954
69118
245287
253211
241160
223008
307806
255232
221857
283644
237903
256662
270789
243076
272302
224641
250763
240950
290209
251792
246974
239418
245211
271835
227443
69163
222880
291737
271740
244258
253043
250603
260912
